32141
32168
32701
32703
32707
32708
32709
32712
32713
32714
32725
32726
32730
32732
32735
32736
32738
32746
32750
32751
32754
32757
32759
32763
32764
32765
32766
32771
32773
32776
32778
32779
32780
32784
32789
32792
32796
32798
32801
32803
32804
32805
32806
32807
32808
32809
32810
32811
32812
32814
32817
32818
32819
32820
32821
32822
32824
32825
32826
32827
32828
32829
32830
32831
32832
32833
32835
32836
32837
32839
32901
32904
32907
32908
32909
32920
32922
32925
32926
32927
32931
32934
32935
32937
32940
32952
32953
32955
33514
33597
33801
33803
33805
33809
33810
33812
33815
33823
33830
33837
33838
33839
33844
33848
33849
33850
33851
33859
33868
33877
33880
33881
33884
33896
33897
33898
34705
34711
34714
34715
34731
34734
34736
34737
34739
34741
34743
34744
34746
34747
34748
34753
34756
34758
34759
34760
34761
34762
34769
34771
34772
34773
34786
34787
34788
34797