33503
33510
33511
33523
33525
33527
33534
33540
33541
33542
33543
33544
33545
33547
33548
33549
33556
33558
33559
33563
33565
33566
33567
33569
33570
33572
33573
33576
33578
33579
33584
33592
33594
33596
33598
33602
33603
33604
33605
33606
33607
33609
33610
33611
33612
33613
33614
33615
33616
33617
33618
33619
33620
33621
33624
33625
33626
33629
33634
33635
33637
33647
33701
33702
33703
33704
33705
33706
33707
33708
33709
33710
33711
33712
33713
33714
33715
33716
33744
33755
33756
33759
33760
33761
33762
33763
33764
33765
33767
33770
33771
33772
33773
33774
33776
33777
33778
33781
33782
33785
33786
33801
33803
33805
33809
33810
33811
33812
33813
33815
33823
33830
33834
33839
33841
33847
33849
33850
33860
33865
33868
33880
33881
34203
34205
34207
34208
34209
34210
34211
34212
34215
34216
34217
34219
34221
34222
34228
34251
34610
34637
34638
34639
34652
34653
34654
34655
34667
34668
34669
34677
34681
34683
34684
34685
34688
34689
34690
34691
34695
34698